#n  #t+[us] #t_max[us]  #V_max[mV]  #FSt+[us]   #FSV+[mV]   #FSt_max[us]    #FSV_max[mV] #root_utils
1   14.48   19.04   53.6    1   5   1   11  0
2   34.00   38.60   28.6    1   5   1   11  0
3   53.52   58.08   15.4    1   5   1   11  0
4   73.08   77.70   7.76    1   5   2.5 2   0
5   92.64   97.20   4.16    1   5   2.5 2   0
6   111.9   116.8   2.40    1   2   2.5 2   0
7   131.4   136.4   1.44    1   2   5   2   0
8   150.9   155.8   0.64    1   2   5   2   0
9   170.2   175.4   0.40    1   2   5   2   0

















