#n  #t-[us]7 #t_min[us]  #V_min[mV]  #FSt-[us]   #FSV-[mV]   #FSt_min[us]    #FSV_min[mV] #root_utils
0.5 4.68    9.28    -73.0   1   5   1   11  0
1.5 24.24   28.88   -37.8   1   5   1   11  0
2.5 43.79   48.40   -19.3   1   5   1   11  0  
3.5 63.28   67.84   -10.0   1   5   2.5 2   0
4.5 82.84   87.40   -4.96   1   5   2.5 2   0
5.5 102.4   106.9   -2.64   1   2   2.5 2   0
6.5 121.9   126.4   -1.44   1   2   5   2   0
7.5 141.7   146.2   -0.72   1   2   5   2   0
8.5 161.7   165.4   -0.32   1   2   5   2   0









