1.1e-06	0.9576	0.014678864806244
1.4e-06	0.92736	0.014235301337169
1.7e-06	0.88704	0.013644909943272
2e-06	0.83664	0.01290879685176
2.3e-06	0.78624	0.012175121229787
2.6e-06	0.72576	0.011298596415485
2.9e-06	0.6552	0.010282711704604
3.2e-06	0.59472	0.009419408083314
3.5e-06	0.51408	0.00828294521532
3.8e-06	0.44352	0.00730782620483
4.1e-06	0.36288	0.006226797109269
4.4e-06	0.27216	0.005080409999203
4.7e-06	0.2016	0.004276581812616
5e-06	0.11088	0.003451204172459
5.3e-06	0.03024	0.003057830760523
5.6e-06	-0.0504	0.003117067852967
5.9e-06	-0.12096	0.003526559706002
6.2e-06	-0.2016	0.004276581812616
6.5e-06	-0.27216	0.005080409999203
6.8e-06	-0.34272	0.005964260276011
7.1e-06	-0.4032	0.006761869563959
7.4e-06	-0.46368	0.00758415341617
7.7e-06	-0.51408	0.00828294521532
8e-06	-0.56448	0.008990998378378
8.3e-06	-0.6048	0.009562727644349
8.6e-06	-0.63504	0.009994079815571
8.9e-06	-0.66528	0.010427320300058
9.2e-06	-0.68544	0.010717083304706
9.5e-06	-0.69552	0.010862223153664
9.8e-06	-0.7056	0.011007526152592
1.01e-05	-0.7056	0.011007526152592
1.04e-05	-0.69552	0.010862223153664
1.07e-05	-0.68544	0.010717083304706
1.1e-05	-0.66528	0.010427320300058
1.13e-05	-0.63504	0.009994079815571
1.16e-05	-0.6048	0.009562727644349
1.19e-05	-0.56448	0.008990998378378
1.22e-05	-0.52416	0.008423889230041
1.25e-05	-0.48384	0.0078624
1.28e-05	-0.43344	0.007170451768194
1.31e-05	-0.38304	0.006492803351404
1.34e-05	-0.32256	0.005705671788668
1.37e-05	-0.26208	0.004959728766777
1.4e-05	-0.21168	0.0043848
1.43e-05	-0.1512	0.00378
1.46e-05	-0.09072	0.003316074884559
1.49e-05	-0.03024	0.003057830760523
1.52e-05	0.03024	0.003057830760523
1.55e-05	0.08064	0.003256947675355
1.58e-05	0.14112	0.003691262418198
1.61e-05	0.2016	0.004276581812616
1.64e-05	0.24192	0.004723639003988
1.67e-05	0.29232	0.005326447882032
1.7e-05	0.33264	0.005834439489788
1.73e-05	0.37296	0.006359393631471
1.76e-05	0.41328	0.006897438411468
1.79e-05	0.44352	0.00730782620483
1.82e-05	0.47376	0.007723049718861
1.85e-05	0.49392	0.008002180542827
1.88e-05	0.51408	0.00828294521532
1.91e-05	0.52416	0.008423889230041
1.94e-05	0.53424	0.008565183066345
1.97e-05	0.53424	0.008565183066345
2e-05	0.53424	0.008565183066345
2.03e-05	0.52416	0.008423889230041
2.06e-05	0.51408	0.00828294521532
2.09e-05	0.49392	0.008002180542827
2.12e-05	0.47376	0.007723049718861
2.15e-05	0.4536	0.007445736498158
2.18e-05	0.43344	0.007170451768194
2.21e-05	0.39312	0.006626977157045
2.24e-05	0.36288	0.006226797109269
2.27e-05	0.32256	0.005705671788668
2.3e-05	0.29232	0.005326447882032
2.33e-05	0.252	0.004840761923499
2.36e-05	0.21168	0.0043848
2.39e-05	0.17136	0.003968819995918
2.42e-05	0.12096	0.003526559706002
2.45e-05	0.08064	0.003256947675355
2.48e-05	0.03024	0.003057830760523
2.51e-05	-0.01008	0.003027777640449
2.54e-05	-0.0504	0.003117067852967
2.57e-05	-0.08064	0.003256947675355
2.6e-05	-0.12096	0.003526559706002
2.63e-05	-0.16128	0.003872609538799
2.66e-05	-0.19152	0.004171037741378
2.69e-05	-0.22176	0.004495499189189
2.72e-05	-0.252	0.004840761923499
2.75e-05	-0.28224	0.005202686321507
2.78e-05	-0.3024	0.005451593528502
2.81e-05	-0.32256	0.005705671788668
2.84e-05	-0.33264	0.005834439489788
2.87e-05	-0.34272	0.005964260276011
2.9e-05	-0.3528	0.006095066857714
2.93e-05	-0.36288	0.006226797109269
2.96e-05	-0.3528	0.006095066857714
2.99e-05	-0.3528	0.006095066857714
3.02e-05	-0.3528	0.006095066857714
3.05e-05	-0.34272	0.005964260276011
3.08e-05	-0.32256	0.005705671788668
3.11e-05	-0.31248	0.005578030103899
3.14e-05	-0.29232	0.005326447882032
3.17e-05	-0.27216	0.005080409999203
3.2e-05	-0.252	0.004840761923499
3.23e-05	-0.22176	0.004495499189189
3.26e-05	-0.2016	0.004276581812616
3.29e-05	-0.17136	0.003968819995918
3.32e-05	-0.13104	0.003606682597623
3.35e-05	-0.11088	0.003451204172459
3.38e-05	-0.07056	0.003203870559183
3.41e-05	-0.0504	0.003117067852967
3.44e-05	-0.01008	0.003027777640449
3.47e-05	0.02016	0.003039082387827
3.5e-05	0.0504	0.003117067852967
3.53e-05	0.07056	0.003203870559183
3.56e-05	0.1008	0.00338093478198
3.59e-05	0.13104	0.003606682597623
3.62e-05	0.16128	0.003872609538799
3.65e-05	0.18144	0.004068375911835
3.68e-05	0.2016	0.004276581812616
3.71e-05	0.22176	0.004495499189189
3.74e-05	0.24192	0.004723639003988
3.77e-05	0.252	0.004840761923499
3.8e-05	0.26208	0.004959728766777
3.83e-05	0.27216	0.005080409999203
3.86e-05	0.28224	0.005202686321507
3.89e-05	0.28224	0.005202686321507
3.92e-05	0.29232	0.005326447882032
3.95e-05	0.29232	0.005326447882032
3.98e-05	0.28224	0.005202686321507
4.01e-05	0.28224	0.005202686321507
4.04e-05	0.27216	0.005080409999203
4.07e-05	0.26208	0.004959728766777
4.1e-05	0.252	0.004840761923499
4.13e-05	0.24192	0.004723639003988
4.16e-05	0.22176	0.004495499189189
4.19e-05	0.2016	0.004276581812616
4.22e-05	0.18144	0.004068375911835
4.25e-05	0.17136	0.003968819995918
4.28e-05	0.14112	0.003691262418198
4.31e-05	0.12096	0.003526559706002
4.34e-05	0.1008	0.00338093478198
4.37e-05	0.08064	0.003256947675355
4.4e-05	0.0504	0.003117067852967
4.43e-05	0.03024	0.003057830760523
4.46e-05	0.01008	0.003027777640449
4.49e-05	-0.01008	0.003027777640449
4.52e-05	-0.03024	0.003057830760523
4.55e-05	-0.0504	0.003117067852967
4.58e-05	-0.07056	0.003203870559183
4.61e-05	-0.09072	0.003316074884559
4.64e-05	-0.1008	0.00338093478198
4.67e-05	-0.12096	0.003526559706002
4.7e-05	-0.13104	0.003606682597623
4.73e-05	-0.14112	0.003691262418198
4.76e-05	-0.1512	0.00378
4.79e-05	-0.16128	0.003872609538799
4.82e-05	-0.17136	0.003968819995918
4.85e-05	-0.17136	0.003968819995918
4.88e-05	-0.17136	0.003968819995918
4.91e-05	-0.18144	0.004068375911835
4.94e-05	-0.18144	0.004068375911835
4.97e-05	-0.17136	0.003968819995918
5e-05	-0.17136	0.003968819995918
5.03e-05	-0.16128	0.003872609538799
5.06e-05	-0.1512	0.00378
5.09e-05	-0.14112	0.003691262418198
5.12e-05	-0.13104	0.003606682597623
5.15e-05	-0.12096	0.003526559706002
5.18e-05	-0.11088	0.003451204172459
5.21e-05	-0.1008	0.00338093478198
5.24e-05	-0.08064	0.003256947675355
5.27e-05	-0.06048	0.003157148688295
5.3e-05	-0.0504	0.003117067852967
5.33e-05	-0.03024	0.003057830760523
5.36e-05	-0.02016	0.003039082387827
5.39e-05	0	0.003024
5.42e-05	0.01008	0.003027777640449
5.45e-05	0.03024	0.003057830760523
5.48e-05	0.04032	0.003083887001821
5.51e-05	0.06048	0.003157148688295
5.54e-05	0.07056	0.003203870559183
5.57e-05	0.08064	0.003256947675355
5.6e-05	0.1008	0.00338093478198
5.63e-05	0.11088	0.003451204172459
5.66e-05	0.12096	0.003526559706002
5.69e-05	0.13104	0.003606682597623
5.72e-05	0.14112	0.003691262418198
5.75e-05	0.1512	0.00378
5.78e-05	0.1512	0.00378
5.81e-05	0.16128	0.003872609538799
5.84e-05	0.16128	0.003872609538799
5.87e-05	0.16128	0.003872609538799
5.9e-05	0.16128	0.003872609538799
5.93e-05	0.16128	0.003872609538799
5.96e-05	0.16128	0.003872609538799
5.99e-05	0.1512	0.00378
6.02e-05	0.1512	0.00378
6.05e-05	0.14112	0.003691262418198
6.08e-05	0.13104	0.003606682597623
6.11e-05	0.13104	0.003606682597623
6.14e-05	0.12096	0.003526559706002
6.17e-05	0.11088	0.003451204172459
6.2e-05	0.09072	0.003316074884559
6.23e-05	0.08064	0.003256947675355
6.26e-05	0.07056	0.003203870559183
6.29e-05	0.06048	0.003157148688295
6.32e-05	0.0504	0.003117067852967
6.35e-05	0.04032	0.003083887001821
6.38e-05	0.03024	0.003057830760523
6.41e-05	0.02016	0.003039082387827
6.44e-05	0	0.003024
6.47e-05	0	0.003024
6.5e-05	-0.02016	0.003039082387827
6.53e-05	-0.03024	0.003057830760523
6.56e-05	-0.04032	0.003083887001821
6.59e-05	-0.04032	0.003083887001821
6.62e-05	-0.0504	0.003117067852967
6.65e-05	-0.06048	0.003157148688295
6.68e-05	-0.06048	0.003157148688295
6.71e-05	-0.07056	0.003203870559183
6.74e-05	-0.07056	0.003203870559183
6.77e-05	-0.08064	0.003256947675355
6.8e-05	-0.08064	0.003256947675355
6.83e-05	-0.08064	0.003256947675355
6.86e-05	-0.08064	0.003256947675355
6.89e-05	-0.08064	0.003256947675355
6.92e-05	-0.08064	0.003256947675355
6.95e-05	-0.08064	0.003256947675355
6.98e-05	-0.07056	0.003203870559183
7.01e-05	-0.07056	0.003203870559183
7.04e-05	-0.07056	0.003203870559183
7.07e-05	-0.06048	0.003157148688295
7.1e-05	-0.0504	0.003117067852967
7.13e-05	-0.0504	0.003117067852967
7.16e-05	-0.04032	0.003083887001821
7.19e-05	-0.04032	0.003083887001821
7.22e-05	-0.03024	0.003057830760523
7.25e-05	-0.02016	0.003039082387827
7.28e-05	-0.01008	0.003027777640449
7.31e-05	0	0.003024
7.34e-05	0.01008	0.003027777640449
7.37e-05	0.01008	0.003027777640449
7.4e-05	0.02016	0.003039082387827
7.43e-05	0.03024	0.003057830760523
7.46e-05	0.04032	0.003083887001821
7.49e-05	0.04032	0.003083887001821
7.52e-05	0.0504	0.003117067852967
7.55e-05	0.06048	0.003157148688295
7.58e-05	0.06048	0.003157148688295
7.61e-05	0.07056	0.003203870559183
7.64e-05	0.07056	0.003203870559183
7.67e-05	0.08064	0.003256947675355
7.7e-05	0.08064	0.003256947675355
7.73e-05	0.08064	0.003256947675355
7.76e-05	0.09072	0.003316074884559
7.79e-05	0.09072	0.003316074884559
7.82e-05	0.09072	0.003316074884559
7.85e-05	0.09072	0.003316074884559
7.88e-05	0.09072	0.003316074884559
7.91e-05	0.09072	0.003316074884559
7.94e-05	0.09072	0.003316074884559
7.97e-05	0.08064	0.003256947675355
8e-05	0.08064	0.003256947675355
8.03e-05	0.08064	0.003256947675355
8.06e-05	0.07056	0.003203870559183
8.09e-05	0.07056	0.003203870559183
8.12e-05	0.06048	0.003157148688295
8.15e-05	0.06048	0.003157148688295
8.18e-05	0.0504	0.003117067852967
8.21e-05	0.0504	0.003117067852967
8.24e-05	0.04032	0.003083887001821
8.27e-05	0.04032	0.003083887001821
8.3e-05	0.03024	0.003057830760523
8.33e-05	0.02016	0.003039082387827
8.36e-05	0.02016	0.003039082387827
8.39e-05	0.01008	0.003027777640449
8.42e-05	0.01008	0.003027777640449
8.45e-05	0	0.003024
8.48e-05	0	0.003024
8.51e-05	-0.01008	0.003027777640449
8.54e-05	-0.01008	0.003027777640449
8.57e-05	-0.02016	0.003039082387827
8.6e-05	-0.02016	0.003039082387827
8.63e-05	-0.02016	0.003039082387827
8.66e-05	-0.03024	0.003057830760523
8.69e-05	-0.03024	0.003057830760523
8.72e-05	-0.03024	0.003057830760523
8.75e-05	-0.03024	0.003057830760523
8.78e-05	-0.03024	0.003057830760523
8.81e-05	-0.03024	0.003057830760523
8.84e-05	-0.04032	0.003083887001821
8.87e-05	-0.03024	0.003057830760523
8.9e-05	-0.03024	0.003057830760523
8.93e-05	-0.03024	0.003057830760523
8.96e-05	-0.03024	0.003057830760523
8.99e-05	-0.03024	0.003057830760523
9.02e-05	-0.02016	0.003039082387827
9.05e-05	-0.02016	0.003039082387827
9.08e-05	-0.02016	0.003039082387827
9.11e-05	-0.01008	0.003027777640449
9.14e-05	-0.01008	0.003027777640449
9.17e-05	-0.01008	0.003027777640449
9.2e-05	-0.01008	0.003027777640449
9.23e-05	0	0.003024
9.26e-05	0	0.003024
9.29e-05	0.01008	0.003027777640449
9.32e-05	0.01008	0.003027777640449
9.35e-05	0.02016	0.003039082387827
9.38e-05	0.02016	0.003039082387827
9.41e-05	0.03024	0.003057830760523
9.44e-05	0.03024	0.003057830760523
9.47e-05	0.03024	0.003057830760523
9.5e-05	0.04032	0.003083887001821
9.53e-05	0.04032	0.003083887001821
9.56e-05	0.04032	0.003083887001821
9.59e-05	0.0504	0.003117067852967
9.62e-05	0.0504	0.003117067852967
9.65e-05	0.0504	0.003117067852967
9.68e-05	0.0504	0.003117067852967
9.71e-05	0.0504	0.003117067852967
9.74e-05	0.0504	0.003117067852967
9.77e-05	0.0504	0.003117067852967
9.8e-05	0.0504	0.003117067852967
9.83e-05	0.0504	0.003117067852967
9.86e-05	0.0504	0.003117067852967
9.89e-05	0.0504	0.003117067852967
9.92e-05	0.0504	0.003117067852967
9.95e-05	0.0504	0.003117067852967
9.98e-05	0.0504	0.003117067852967
0.0001001	0.0504	0.003117067852967
0.0001004	0.04032	0.003083887001821
0.0001007	0.04032	0.003083887001821