#t [us] V [mV]
1	930
1.4	919
1.6	913
2.2	892
2.6	881
2.8	875
3.4	859
3.8	848
4.2	832
4.6	821
5	810
5.4	799
5.8	788
6.2	777
6.4	772
6.6	767
7.2	750
7.6	739
8.2	723
8.8	707
9.2	701
9.6	690
10	680
10.4	669
11	652
11.4	647
12	631
12.6	614
13	609
13.8	592
14.4	576
14.8	571
15.4	554
16	544
16.6	533
17	527
17.8	511
18.6	495
19	489
19.6	478
20.2	467
20.6	456
21.2	451
21.8	440
22.4	429
23	418
23.4	413
23.8	408
24.2	402
24.6	397
25	391
25.4	386
25.8	380
26.2	375
26.6	369
27.2	359
27.8	353
28.2	348
28.6	342
29	337
29.6	331
30	326
30.6	320
31.2	310
32	304
32.8	293
33.2	288
33.8	282
34.2	277
34.6	272
35	272
35.2	266
35.8	261
36.4	255
37	250
37.4	250
38.2	239
39	233
39.6	228
40.2	223
40.8	217
41.2	217
41.6	212
42.2	206
43	201
43.6	195
