#f[kHz] #Vin[V] #Vout[V] #FS	#Deltat[us] 	#FS	[us]
5.9	    3.02	2.1	    0.5	     21.4      5
6	    3.02	2.12    0.5	     20.7      5
6.1	    3.02	2.14    0.5	     20.4      5
6.2	    3.02	2.14    0.5	     19.8      5
6.3	    3.02	2.16    0.5	     19.2      5
6.4	    3.02	2.18    0.5	     18.7      5
6.5	    3.02	2.2	    0.5	     18.3      5
6.6	    3.02	2.22    0.5	     17.8      5
6.7	    3.02	2.22    0.5	     17.2      5
6.8	    3.02	2.24    0.5	     16.9      5
5.8	    3.02	2.1	    0.5	     21.7      5
5.7	    3.02	2.08    0.5	     22.6      5
5.6	    3.02	2.06    0.5	     23.3      5
5.5	    3.02	2.04    0.5	     23.8      5
5.4	    3.02	2.02    0.5	     24.6      5
5.2	    3.02	1.98    0.5	     26.2      5
5.1	    3.02	1.96    0.5	     27.0      5
0.1	    3.04	0.064	0.1	     2472.2    100
0.3	    3.04	0.16    0.1	     819.4     50
0.5	    3.04	0.252	0.1	     475.6     50
7	    3.02	2.28    0.5	     16.2      10
7.2	    3.02	2.3	    0.5	     15.4      10
7.6	    3.02	2.34    0.5	     14.0      10
10	    3.02	2.56    0.5	     8.7       10
12	    3.02	2.66    0.5	     6.2       5
15.3     2.99    2.75    0.5     4.1       5
23.3     2.98    2.88    0.5     1.8       5
36.9     2.98    2.91    0.5     0.6       5
79.6     2.99    2.92    0.5     0.2       5
100     2.98    2.92    0.5      0.1       5





















