#f[kHz] #Vin[V] #Vout[V] #FS[V]	#Delta t [us]	#FS	[us]
5.9	    3.00	2.18	0.500	20.8	5	
6.0	    3.02	2.14	0.500	20.8	5	
6.1	    3.02	2.12	0.500	20.6	5	
6.2	    3.02	2.10	0.500	20.4	5	
6.3	    3.02	2.10	0.500	20.4	5	
6.4	    3.02	2.06	0.500	20.2	5	
6.5	    3.02	2.06	0.500	20.2	5	
6.6	    3.02	2.04	0.500	20.2	5	
6.7	    3.02	2.02	0.500	20.0	5	
6.8	    3.02	2.02	0.500	19.8	5	
5.8	    3.02	2.18	0.500	20.6	5	
5.7	    3.02	2.18	0.500	20.6	5	
5.6	    3.02	2.20	0.500	21.0	5	
5.5	    3.02	2.22	0.500	21.0	5	
5.4	    3.02	2.24	0.500	21.2	5	
5.2	    3.00	2.30	0.500	21.6	5	
5.1	    3.02	2.30	0.500	21.6	5	
0.1	    3.04	3.04	0.500	40.0	100	
0.3	    3.04	3.02	0.500	32.0	50	
0.5	    3.04	3.02	0.500	30.0	50	
0.8	    3.02	3.00	0.500	24.0	25	
1.2	    3.04	2.96	0.500	26.0	25	
1.6	    3.04	2.92	0.500	26.0	25	
2.2	    3.06	2.86	0.500	25.2	10	
2.6	    3.04	2.78	0.500	24.4	10	
2.9	    3.04	2.74	0.500	25.2	10	
3.2	    3.06	2.66	0.500	24.0	10	
3.6	    3.04	2.58	0.500	23.6	10	
4.0	    3.04	2.50	0.500	23.2	10	
4.2	    3.02	2.48	0.500	22.8	10	
4.6	    3.02	2.40	0.500	22.0	10	
5.0	    3.02	2.34	0.500	21.6	10	
7.2	    3.02	1.94	0.500	19.2	10	
7.4	    3.02	1.90	0.500	19.2	10	
7.6	    3.02	1.88	0.500	18.8	10	
8.0	    3.02	1.80	0.500	18.8	10	
10	    3.02	1.55	0.200	16.8	10	
12	    2.98	1.36	0.200	13.8	5	
15	    3.01	1.13	0.200	12.4	5	
20      3.01    0.88    0.200   10.3    5
28.2    3.01    0.61    0.200   7.70    5
63.1    3.01    0.28    0.200   3.70    5
100     3.01    0.16    0.200   2.40    5