#t [us]	V [mV]
-4.8	973
-4	946
-3.6	930
-3.2	913
-2.8	903
-2.4	892
-2	875
-1.6	864
-1.2	854
-0.4	826
0.8	794
1.6	772
2.8	734
3.2	723
4	707
4.8	685
5.6	663
6.4	647
7.2	625
8	609
9.2	582
10.4	554
11.2	538
12.4	516
13.2	500
14.4	478
15.2	467
16	451
17.2	435
18	418
19.2	402
20.4	386
21.2	375
22.8	353
24	337
25.2	320
26.4	310
27.6	293
28.8	282
30	272
31.6	250
32.8	244
34	233
35.6	217
37.2	206
38.4	195
39.6	190
40.8	179
42	174
43.2	163
44.8	157
46	146
47.2	141
48.8	130
50.4	125
52	119
53.2	114
55.2	103
56.4	97.9
58.4	92.4
60	87
61.6	81.6
63.6	76.1
65.2	70.7
67.2	65.2
69.6	59.8
71.6	59.8
73.6	54.4
75.2	48.9
76.8	43.5
78.4	43.5
